1 0.31875 0.0609375 0.321875 0.071875
1 0.68125 0.0578125 0.321875 0.071875
1 0.315625 0.1953125 0.321875 0.071875
1 0.684375 0.2 0.321875 0.071875
1 0.3171875 0.3421875 0.321875 0.071875
1 0.6828125 0.3359375 0.321875 0.071875
1 0.30625 0.50625 0.334375 0.06875
1 0.5796875 0.50625 0.1890625 0.1390625
1 0.778125 0.50625 0.1890625 0.1390625
1 0.3171875 0.69375 0.3171875 0.065625
1 0.6875 0.69375 0.3171875 0.065625
1 0.7046875 0.828125 0.3171875 0.065625
1 0.2171875 0.8734375 0.1890625 0.1390625
1 0.421875 0.86875 0.1890625 0.1390625