1 0.3140625 0.0703125 0.2296875 0.1
1 0.3125 0.1828125 0.2296875 0.1
1 0.66875 0.0578125 0.275 0.084375
1 0.66875 0.1578125 0.275 0.084375
1 0.66875 0.296875 0.275 0.084375
1 0.315625 0.328125 0.3 0.06875
1 0.315625 0.4078125 0.3 0.06875
1 0.3171875 0.4875 0.3 0.06875
1 0.3171875 0.56875 0.3 0.06875
1 0.6671875 0.43125 0.3015625 0.0625
1 0.6671875 0.5078125 0.3015625 0.0625
1 0.665625 0.5828125 0.3015625 0.0640625
1 0.31875 0.6953125 0.3015625 0.0640625
1 0.321875 0.7671875 0.3015625 0.0640625
1 0.3203125 0.8390625 0.3015625 0.0640625
1 0.321875 0.9125 0.3015625 0.0640625
1 0.66875 0.728125 0.1734375 0.1234375